340190001
500070007
230191100
060711234
090030017
000102102
000102103
040258033
540390010
171110001
530090014
530090015
551330027
000050404
530090013
391550011
560330004
040213009
040213001
010732006
010732003
410470041
390950027
390950024
390170019
390170018
191630020
000040302
000064001
420958000
480391016
390230003
483091037
390230001
080830101
390230005
160291009
360291013
410050004
121171002
000055601
360551007
421290008
421290006
300490018
060431001
060431003
420710012
240199991
371990004
060714001
060714003
120550003
181270023
551050030
120690002
180590003
060710012
420431100
060710014
370370004
250213003
120952002
370511003
510870014
380250003
250154002
460710001
530090016
482016000
410671004
291860905
350250008
421330011
240150003
211850004
080690009
130890002
080690007
370330001
483095010
120990020
060556001
350010032
212270008
212270009
080131001
080590013
360715001
080590011
000065001
490530006
391570006
132450091
180892004
060450008
060271001
180892008
350451005
060450006
060450002
000080110
060190008
060675003
060190007
060670012
120310098
060670011
000101101
000091101
390810017
040213003
010690004
060833001
040151003
230052003
482450101
482450102
011250004
391510023
120118002
391510020
330090010
040213007
171430024
060756002
000100701
130511002
340230006
420730015
410010004
340110007
510719991
550790026
210930006
040131029
481351014
420890002
420410101
271095008
080570003
470010101
131350002
550350014
180510012
460990008
550590025
340252001
080770020
180150002
530531016
121152002
450910007
211170007
360631006
370590002
370590003
080690011
361030009
000090120
490350003
230031008
361030002
361030004
530330080
170310076
530070007
201910002
350151005
250170007
484916602
450410003
511650003
011030011
010970003
290950042
290190011
120571035
290770026
330110020
000020401
010736002
000060424
390410002
390479991
530332004
150030010
150030011
320311005
421255200
000094202
480611023
000090218
320310025
060016001
320310020
320310022
530470009
221210001
530030004
040058001
360310003
390610040
040190002
000054401
170491001
400190297
000066101
230290019
060710005
550390006
060290007
060710001
551170006
483550664
060870003
295100007
060870007
060890009
271370034
000090302
516500004
360470118
420050001
060798005
060798006
482090614
060798001
401430137
360450002
MMOAQ1003
MMOAQ1007
MMOAQ1005
240210037
220870009
060674001
220870007
191130040
390350060
390350064
350439004
371139991
000053601
180710001
220570004
401090096
060799999
081230006
000030201
080590002
060612001
080590005
080590006
060750005
069999992
450190049
330150014
330150016
530630021
330150018
370630015
181270026
517100024
040190001
400310651
250250044
560350100
450510003
420430401
480650005
480650004
480650007
160410001
060851001
121010005
000065901
511530009
190850007
000102001
210910012
250250042
250034002
390950008
421255001
000040401
000060512
120861016
130970004
350130024
471130006
401010167
080830006
350130020
350130021
350130022
350130023
530530029
290770936
060832004
390570006
390570005
131510002
550790052
040131030
391030004
550790059
550790058
470090102
421010024
391030003
360610119
360150003
391650007
340070002
371590021
371590022
TT0300001
261610008
471890103
371090004
010550011
000070119
000070118
060731016
360830004
000080901
482010617
560050123
080310014
360610125
181630021
080310013
181630022
130210012
410511191
360610128
160550003
160550006
051130003
120050006
060072001
060070008
300310016
160010023
160010020
000101701
000061104
000101702
000101704
000091301
340230011
482010570
090031003
482010572
480290052
370870036
060070002
221030002
110010023
530270008
530490002
340273001
261619991
261250012
261250011
250051002
250051004
250051006
560370200
481130087
040191034
000070381
040191032
040191030
240090011
461030020
160130004
530639996
271230871
450010001
340130003
530639999
000070203
240259001
060773005
040070010
420990301
060879994
060879992
060879993
000101801
220330013
000010301
250270015
000050311
380070002
100031010
530611007
100031013
420810100
080350004
470931013
484395007
350011013
350011012
210150003
370770001
340210010
330074002
330074001
230290032
230290031
271230050
530310003
390290019
484530014
481870504
481870506
212130004
160551010
390490081
060510011
471251009
530130002
090070007
230190010
370130006
370130007
120860029
270177416
120860027
060271028
360470052
530531010
060271023
530531018
000062001
281551001
470654003
060270004
490450003
390170021
401130501
060270002
490170004
450790007
270953051
160150002
160150001
060890004
060890007
450210002
450210003
340390004
210131002
340390003
260170014
060679991
240051007
000100304
090013007
340171003
390950034
481875004
390170020
450190046
040071001
391050003
170971007
170971002
480391003
480391004
190450021
560370077
220330009
470090011
270495302
220330003
121272001
480271047
560050003
120350004
060730006
060730003
391450013
060730001
291570901
550610002
360610134
410350004
080310002
360610135
421010004
060374002
511970002
170316006
390850003
390850007
550430009
540110006
220890003
069999918
069999919
421330008
069999916
069999917
069999915
360870005
100031007
201730008
440090007
000065201
484530020
484530021
000102601
330099991
530270011
360319991
060719991
000040203
000040206
000040207
261250001
500070014
360050133
480290032
090030025
480710013
391550009
530090009
483550039
290770040
290770042
391550005
210290006
180190008
471570075
040213010
060370113
132470001
060270019
060190011
511390004
401139020
060670002
060670007
060670006
400170101
450790019
230310040
260910007
482730314
240190004
370130151
061110007
000080211
280110001
061110009
060832011
210430500
000054501
320310016
000052001
340318801
380650002
170650002
121056006
121056005
390339991
484790313
340010006
482450022
482450021
370610002
540291004
290030901
482011015
482011017
060416002
010331002
010331003
484415015
121275002
060732007
410370001
290470903
290470905
483550041
290470906
000030311
000030310
000103902
482010561
080450007
172012001
011170004
291370001
060510001
000091001
530630001
450290002
330131007
330131006
060012004
060012001
060792006
000061004
060670010
060792004
420479991
060271018
371910005
060670014
484393009
471650007
261390005
271636016
121030018
484390075
000100402
300351001
000090402
060050002
212219991
000053801
060254003
000010401
391510019
391510016
060550003
290970904
410130100
400871073
500210002
320330101
320030075
180970057
320030071
320030073
320030072
131210048
000100314
515100021
340170006
000100128
000063301
391090005
170190004
480612004
191530030
483390698
450630010
401159004
181090005
530610020
290270002
260210014
560391011
060658001
560391012
060650012
000100127
130730001
390350045
500070012
191130028
370650099
060852009
530639997
060852006
370350004
120310100
160830010
120310106
530010003
482010416
121110013
370670022
391351001
120230002
171199991
410310007
370670028
261210039
211110027
060531003
490370101
181450001
211390003
131530001
261630025
261630026
000054102
530530031
290950034
000050119
320032002
132230003
000054703
390179991
410470004
470370023
000050110
000050113
150012021
470370026
150012023
000050116
040218001
000060303
370630099
160650002
420070002
060372005
420070005
191471002
490495008
060376012
220150008
000101501
060390004
250030006
490071001
490071003
060371201
401091037
450370001
340131003
400019009
360337003
191690011
180970072
180970073
370210034
060074001
210610501
180970078
310550019
481410029
060970003
040134006
MMCA81015
040134004
040134005
040134003
320031019
040134008
040134009
040130019
191390020
471210104
450450016
450450015
340219991
410430009
191130037
191130031
482451035
191130033
160830009
482210001
410391007
420791100
420791101
171190008
060830008
220790002
170311601
560210100
130590002
484393011
370670030
300530018
180690002
000080402
000030120
201250006
391730003
010030010
340070010
000103202
060379033
060379034
000105301
371070004
000041101
500030004
130510021
080770018
190851101
482010070
482010075
290490901
245100054
160790017
290770942
410290019
000061302
370110002
011011002
450791001
150031010
371630005
240330030
280350004
340290006
000020301
040139812
390350034
390350038
160570005
420130801
000051501
000090121
060371103
320031021
MMCA81020
060431004
540610003
120470015
440070022
000030901
090099002
450450008
460990007
051190007
560350700
450030003
481095018
170310032
311651001
480290059
261630015
482910699
180890030
261630019
480290053
480290502
480290051
060070007
480290055
530670005
000050109
171430037
000050103
061110008
050199991
340410007
180910005
292130904
000090701
000090702
121071008
410510080
220190008
220190009
000053901
220190002
410510246
541071002
121290001
160491011
461270001
461270002
461270003
000064401
350490021
350490020
160690014
481670056
160690013
160690012
480535009
060792002
800060004
060792007
800060006
800060007
100010002
450918002
450918001
220511001
280750003
550270001
550270007
530770017
530770016
530770015
121111002
160871004
340315001
370510008
370510009
360850067
180970050
060290014
060290015
060290010
060290011
000052601
360290002
360290005
550590019
230090103
230090102
292130004
160050020
360850111
360850114
000092901
490350012
230031011
290930034
420030064
420030067
000030118
121150013
060856001
483550660
000065301
051010002
040278011
090050004
061111004
000091601
132130003
160590005
160590004
000101202
410111036
470931020
530470013
530470010
510590030
240430009
482450009
450910006
000129501
350130017
350130016
280330002
080690012
131390003
000050604
000065801
530530012
560050456
040131003
040128000
040131004
191138040
180810002
320310030
420630004
550790041
000040501
480415011
120866001
220730004
450190003
060650004
060650008
490471003
490471002
051191008
560130099
051191002
420750100
560390008
400850300
530070010
530070011
191370002
483739991
000041302
400430860
484850315
000050133
250170009
000050134
090011123
330115001
401359015
201070002
290770036
290770037
511790001
290770032
330111011
121151005
121151006
240130001
271377551
271377550
271377554
190450019
120779991
280470008
270750005
530450004
450430011
060592022
160211008
471071002
450630009
170010007
320311026
260770008
060250007
060250006
060250005
482010563
560019991
390890005
401430235
482010560
060371302
360910004
131210055
421174000
061113001
350130019
482450018
482450019
551050024
482450011
482450017
482450014
360652001
000101301
518000004
518000005
281619991
120814013
120814012
120110031
080410015
080410016
450250001
040190020
080410013
560359991
360930003
350431003
350431001
530770009
420334000
060793001
420550001
471650101
000102802
000102801
069999993
000105101
320030538
320030539
390355002
450070004
450070005
290370903
051430006
051430005
484090685
484090687
484090686
000090502
400330680
410311034
040139706
400310649
040139704
040139702
171170002
340035001
212299991
000091901
220170001
000040209
000053701
250092006
320030540
080691004
121030004
120310077
000010501
410670004
390250022
040038001
550710007
530330039
280590006
000104501
171193007
060470003
481671034
060871003
170199991
420690101
410230001
410230002
160551005
000041201
560350099
350171003
201770013
240471001
450451003
220930002
400979014
220630002
120830004
471050109
061070006
511611004
483230004
350130008
061070009
260630007
200910010
482010069
482010068
482010066
482010062
482010061
482010060
132611001
040131010
471450004
484715012
410291002
550890009
550890008
340392003
481410037
000101005
000094401
000100140
120712002
481675005
060016003
040134016
040134011
040134010
080519991
480290676
480290677
370010002
530650004
530650002
060016004
530370002
000060204
280490020
170310057
390990014
180970081
150012010
261630039
370030004
150012016
150012017
261630033
061090005
530351005
000050128
000050129
000050126
000050121
401210415
000040601
060831008
211759991
040138005
370750001
391670004
210130002
483390078
000030701
150032004
040191113
360810124
210470006
510330001
060010009
270530954
060010007
160090011
160090010
482010026
482010024
271636015
482010029
000050308
511479991
410610120
471550101
471550102
310550028
090032006
060595001
020680003
069999994
069999995
240339991
191390016
191390015
191139028
390930018
191390019
000081001
421119991
510610002
260890001
060090001
370119991
120710005
482510003
400159008
481830001
391331001
060655001
080450012
MMOAQ2011
470370011
550090026
180890015
060893003
000053201
150090024
560450003
560030002
000091401
540690010
170310064
010731010
420030010
000060903
380150003
420710007
060270025
420010001
420010002
390490037
390490034
370570002
510410004
490352004
295100985
261659991
410670111
510130020
010972005
510690010
170313103
291897903
420859991
420850100
551270005
551199991
060290008
300490026
480055013
000096625
171670010
171670013
060296001
171670014
260270003
370210030
061112003
061112002
201730010
482090675
201730018
060254004
201731012
000060609
260490021
181290003
060610004
130770002
350610008
371190042
371190041
510360002
482091675
550730012
160230101
401090033
450150002
484090659
410290201
120813002
211010014
390133002
180550001
170310001
516500008
483611100
060571001
340210005
060651004
250250002
060311004
311570005
060651003
290390001
481670571
090130003
420290100
482311006
481570696
370810013
371010002
120030002
240251001
530330037
481215008
271713201
060690003
060690002
490050004
000052401
391530017
250171102
230312002
160671010
060375005
170317002
121012001
220550007
010510001
483395006
290030001
060590007
391510022
550550009
360790005
460930001
120210004
550870009
000050801
000100132
000100135
000100134
000060709
010730023
060610006
550290004
060610002
220870004
290990004
530410004
040139508
180390007
230050029
000101601
370270003
170190007
260370001
260050003
171613002
420590002
261150006
261470005
010731003
010731005
340250005
484790017
484790016
390350065
410330036
160850001
160850002
271370018
000061502
311090022
060656001
530450007
000040701
060010011
220470009
220470007
484535001
484535003
482010036
420950025
211110051
410390059
260991003
560410101
450630008
060251003
291290001
060170020
371790003
250070001
100051003
100051002
410650007
400719010
240170010
420490003
160050015
510591005
150031001
150031004
240338003
150031006
480910505
420019991
390071001
211111021
480430101
480910503
401430174
371191009
040230004
060170012
060170010
401430178
371191005
270353204
000054901
150010005
483550025
460290002
483550026
483550029
000061201
390870006
260190003
060195001
170831001
420770004
340232003
060830011
370319991
120111002
000065401
230210004
482010562
211930003
060295002
360430005
340030006
400370144
340030004
061030006
421011102
061030004
061030005
080050002
090092123
080050006
401359021
212218001
040137024
550850004
361173001
490495010
040137021
060976001
191032001
482570005
120713002
517600024
230112005
080130011
181699991
181670018
060659001
060659003
482010047
482010046
471632003
471632002
245100040
000102302
000102303
482010555
240053001
000052301
060450010
060136002
060136003
320030043
132151003
060136005
060136001
170890005
000100205
000100203
000100202
000090601
560350101
060530008
390170004
483491051
060530002
530110013
210890007
530110011
490570002
000055501
530110019
490570006
361111005
310550032
310550035
000100119
000100118
060591003
000063701
484230007
060639901
482450628
482010307
060371002
480290622
361192004
060959999
360010012
060131004
060131002
011190002
490030003
400270049
000105201
040051008
371110004
040139997
040139998
181270024
180910010
391514005
230039991
480210684
484515016
530272002
000091701
290950018
000062501
320030016
551250001
371470006
060290232
270834210
000103302
481410047
181670024
481710001
180030004
090159991
130550001
180030002
482010057
482010055
471870106
482010051
482010058
080410017
410610119
000101401
121035002
483819991
550790085
040190021
000060104
160050004
271377001
060834003
470990002
340171002
060452002
120950008
320312009
201730001
261579991
201730009
320312002
483550032
410591003
483550036
483550037
483550034
483550035
390870012
483550038
390870011
120570081
120992101
350290003
280490010
090110124
240030014
530530022
540511002
261050007
170310022
370710016
360750003
181050003
180890022
261630001
261630005
120571065
530670013
170230001
271390505
000030801
390950081
080770017
060831018
060831014
060831013
190130009
261010922
361099991
090019003
530331011
530330019
080130009
530330017
080130003
530330010
120112004
160270009
120112003
160270002
410711002
410711001
401431127
220950002
061010004
180839991
061010003
090131001
530390005
040030011
180630004
081030005
081030006
515100009
211830032
131150005
560111013
060190242
482451050
481490001
080771001
371290006
371290002
000105501
150012020
220332002
090050005
090050006
170314007
170434002
170314002
380570004
560250100
191137040
290990027
410330114
483970001
483750320
470090101
000054801
530570011
530330048
270317810
530570015
021700013
021700012
160211007
290970003
290190911
340150002
290970004
490130002
191810022
121130015
132950002
510595001
460330132
011250010
471571004
360010005
483551024
240313001
360610115
540250003
390490029
410330010
410330011
470419991
120090007
230194008
470654002
320030601
517700015
360130011
060370016
000010102
261630093
060816001
060871004
211451024
482030002
420210011
260650012
060270026
120573002
060270021
150011012
511130003
060270028
181410015
181410016
181410010
300470028
130893001
060130002
230130014
040133003
040133002
040132005
040132001
450790021
010550010
410190002
311079991
280450003
000055001
181570008
450770003
450770002
000053501
490131001
000031101
060410001
060410003
000010801
040078000
484655017
530299999
410432002
291130903
060731010
011130001
560351002
090090027
530710006
530710005
060976002
483030325
401430175
160010009
550550002
360671015
482010557
482010556
482010803
482010554
482010553
482010552
482010551
060430003
191930020
060430006
482010559
482010558
291890005
060210002
171971011
291570001
320050009
040133010
490110004
120590004
280810005
401430179
560370300
360130006
450730001
000104801
291130003
171192007
530730015
290470003
050350005
290470005
290470006
260330901
110010050
410030013
291890905
360050110
370671008
261630094
480850005
060130008
000070301
480850009
481130075
220050004
191630017
040191020
191630015
191630014
291860005
191630019
040191028
490490002
000065701
350450009
530610005
420279991
490472002
490472003
421250200
120090011
060850002
060850005
121032008
230199991
000102401
482011042
482011043
481391044
510850003
410392013
420110006
551198001
390830002
261130001
481670697
300298001
484391006
120619991
484391002
510590005
000054201
081230010
490571003
551230008
551110007
120570030
060631007
517000013
160010022
181411007
000105604
320030561
291890014
291890015
530510007
060956001
230190002
060270101
550630012
440071010
170436001
210670012
560050800
000052201
060370002
051390006
370690001
480610006
150011006
061130004
181230009
100032004
060194001
060271033
530531008
470259991
271230868
160170005
490530130
040070009
160170003
440030002
060953002
220331001
420450002
060790005
550410007
120330018
060111002
360291014
481130069
390610006
040031005
371170001
370870035
270530962
060731008
490530007
060731006
060731001
060731002
MMCA81014
401259023
000091201
132150008
181630012
181630013
MMCA81016
080310026
550790010
470651011
350010023
MMCA81011
380130004
482150043
400710604
200570002
390610010
360530006
550030010
000102701
000102706
530251002
MMCA81019
000050204
081230009
130670003
170859991
201030003
230010005
390271002
250250041
550250041
250250043
220770001
420270100
420170012
000020104
000040103
530730005
484910674
260990021
120990009
120990008
530770007
010890014
300470013
120830003
410590121
211130001
380171004
460110003
000090227
260492001
230110008
511071005
000090222
230230006
100031008
560190003
250270024
530610011
250270023
420692006
350450018
410630001
360590005
180950010
180950011
250094004
250094005
420070014
482011039
120910002
220710012
000091801
482011035
482011034
000101003
530110022
481410051
481410050
481410053
481410055
295100088
481410057
060193002
295100085
481410058
295100086
550310019
000100125
371730007
250130008
371730002
180030011
061131003
471451001
450830011
510030001
551091002
391130032
120013011
160010014
391130037
211950002
410391009
060719002
171431001
060719004
170314201
361010003
410170004
391219991
530750003
000055201
530750006
530750005
000053301
371830014
371830016
000090130
470450004
000091501
420910013
410090004
180050007
000104101
290990919
421250005
320030022
320030023
320030020
290490001
060811001
400219002
391530020
181730011
391530022
310250009
260810020
260810022
230310038
530350007
060371701
371239991
060295001
483495014
530579999
560130900
481210034
060711001
511630003
080810002
060711004
000061402
132319991
550850996
190170011
371450003
211110044
000030501
481211032
211110043
540219991
560350097
210590005
350153001
360270007
000031001
484931038
360650004
484690003
410290133
360632008
010499991
160490002
160490003
390990013
290990019
120730012
120730013
481410054
271453052
551310009
490353006
060879991
400670671
410250002
410250003
180110001
470890002
291831902
530050002
291831904
120113002
550090005
060831025
261530001
060831021
360710002
160210002
250010002
483611001
480290501
060712002
530330024
410390060
530330023
060011001
550210015
530330028
290210005
371570099
550370001
000103901
000103903
484392003
180390008
220470012
311090016
250095005
350010019
481130050
000040801
181730008
181730009
150010007
180350010
230130004
210190017
291893001
340071001
481670005
191770006
481350003
040137020
040137022
160290031
240230002
490494001
000102501
090010012
000104003
090010010
090010017
530150015
060371601
310470004
171630010
481410044
295100094
471490101
295100093
250130016
320211017
400710602
080290004
410170122
000090806
410170120
000090801
450830009
000105001
160310001
180431004
482011050
290270902
160010017
150090006
160010011
160010010
160010019
390970007
000010601
131270006
211990003
390933002
131850003
201950001
292110003
483670081
010735003
120094001
370870008
390030002
390550004
171150013
000090606
390030009
390171004
370870004
390010001
171132003
530210002
230173001
011130002
171570001
330050007
202090021
530630049
530630047
530630046
120864002
120850007
060950004
060950005
320030298
420031005
061072002
000053401
420030008
110010044
110010041
110010043
340270003
540030003
270530969
291890914
470930021
270530963
180650003
350010029
471570021
471570024
120972002
450310003
350010024
350010027
350010026
040191018
040191011
060271003
201619991
481390016
370030005
060658005
040170119
060794002
230010014
230010011
211110067
000040901
060771002
240290002
120330004
230031100
350550005
291831002
160190011
291831004
480390619
480390618
080013001
000100060
250150103
420110011
000100111
000100110
482151048
290370003
551010017
390290022
270031001
210373002
270370470
270031002
360410005
060990006
060990005
060570005
060570007
069999921
069999920
510590018
540939991
060652002
060310004
471631007
160571000
160571001
000094301
130850001
171191009
180570006
180570005
330012004
060539999
060539998
391150004
482430004
060539995
060539997
060539996
260990009
484910690
270052013
530330057
190339018
080010006
171191007
181830003
